17
2 1 633.000000
3 1 257.000000
3 2 390.000000
4 1 91.000000
4 2 661.000000
4 3 228.000000
5 1 412.000000
5 2 227.000000
5 3 169.000000
5 4 383.000000
6 1 150.000000
6 2 488.000000
6 3 112.000000
6 4 120.000000
6 5 267.000000
7 1 80.000000
7 2 572.000000
7 3 196.000000
7 4 77.000000
7 5 351.000000
7 6 63.000000
8 1 134.000000
8 2 530.000000
8 3 154.000000
8 4 105.000000
8 5 309.000000
8 6 34.000000
8 7 29.000000
9 1 259.000000
9 2 555.000000
9 3 372.000000
9 4 175.000000
9 5 338.000000
9 6 264.000000
9 7 232.000000
9 8 249.000000
10 1 505.000000
10 2 289.000000
10 3 262.000000
10 4 476.000000
10 5 196.000000
10 6 360.000000
10 7 444.000000
10 8 402.000000
10 9 495.000000
11 1 353.000000
11 2 282.000000
11 3 110.000000
11 4 324.000000
11 5 61.000000
11 6 208.000000
11 7 292.000000
11 8 250.000000
11 9 352.000000
11 10 154.000000
12 1 324.000000
12 2 638.000000
12 3 437.000000
12 4 240.000000
12 5 421.000000
12 6 329.000000
12 7 297.000000
12 8 314.000000
12 9 95.000000
12 10 578.000000
12 11 435.000000
13 1 70.000000
13 2 567.000000
13 3 191.000000
13 4 27.000000
13 5 346.000000
13 6 83.000000
13 7 47.000000
13 8 68.000000
13 9 189.000000
13 10 439.000000
13 11 287.000000
13 12 254.000000
14 1 211.000000
14 2 466.000000
14 3 74.000000
14 4 182.000000
14 5 243.000000
14 6 105.000000
14 7 150.000000
14 8 108.000000
14 9 326.000000
14 10 336.000000
14 11 184.000000
14 12 391.000000
14 13 145.000000
15 1 268.000000
15 2 420.000000
15 3 53.000000
15 4 239.000000
15 5 199.000000
15 6 123.000000
15 7 207.000000
15 8 165.000000
15 9 383.000000
15 10 240.000000
15 11 140.000000
15 12 448.000000
15 13 202.000000
15 14 57.000000
16 1 246.000000
16 2 745.000000
16 3 472.000000
16 4 237.000000
16 5 528.000000
16 6 364.000000
16 7 332.000000
16 8 349.000000
16 9 202.000000
16 10 685.000000
16 11 542.000000
16 12 157.000000
16 13 289.000000
16 14 426.000000
16 15 483.000000
17 1 121.000000
17 2 518.000000
17 3 142.000000
17 4 84.000000
17 5 297.000000
17 6 35.000000
17 7 29.000000
17 8 36.000000
17 9 236.000000
17 10 390.000000
17 11 238.000000
17 12 301.000000
17 13 55.000000
17 14 96.000000
17 15 153.000000
17 16 336.000000